-4.286666427574728822e+00
-4.697996041736699269e+00
1.580209659768325103e+01
1.192890734556037380e+01
-1.265738031180070067e+01
6.488877787708830169e+00
1.192889895803747535e+01
-1.995855275998735578e+01
-1.991155159064629743e+01
-9.430538135299249447e+00
3.513699649641698564e+00
8.465743762035037534e+00
-1.680638270540037027e+01
-1.167779751878859607e+01
-2.061085273364671977e+01
-4.282996358062041153e+00
8.537880965592377080e+00
3.538433469318984947e+00
1.192888469615242819e+01
6.469200816611309079e+00
1.559457877191904629e+01
-2.307487640222932157e+01
-6.387640276209928913e+00
1.559480125222847491e+01
1.967863478617645212e+00
-9.429877794834355953e+00
-2.364060149458568816e+01
-9.431096622381083705e+00
1.192890535766714066e+01
-1.344631077418624310e+00
1.876418581613953762e+01
-1.991149004521665589e+01
1.559430435288764905e+01
1.559411979737202358e+01
1.192890512872056163e+01
-4.285067498671201847e+00
1.570275333385404437e+01
-6.403802952189466602e+00
-1.640833711039028842e+01
-1.730452403227726776e+01
-6.402782989351526233e+00
-1.181008203335047213e+01
2.052001630917575525e+01
-1.989610534544902620e+01
2.294455037998897495e+01
-1.722503132086342958e+01
2.055079869527411418e+01
1.559452903807754787e+01
2.197996726703451031e+01
-2.329079982638647905e+01
