-1.000000000000000000e+03
-9.591836734693877133e+02
-9.183673469387755404e+02
-8.775510204081632537e+02
-8.367346938775510807e+02
-7.959183673469387941e+02
-7.551020408163265074e+02
-7.142857142857142208e+02
-6.734693877551020478e+02
-6.326530612244898748e+02
-5.918367346938775881e+02
-5.510204081632653015e+02
-5.102040816326530717e+02
-4.693877551020408418e+02
-4.285714285714285552e+02
-3.877551020408163822e+02
-3.469387755102040956e+02
-3.061224489795918089e+02
-2.653061224489796359e+02
-2.244897959183673493e+02
-1.836734693877551763e+02
-1.428571428571428896e+02
-1.020408163265306030e+02
-6.122448979591842999e+01
-2.040816326530614333e+01
2.040816326530614333e+01
6.122448979591831630e+01
1.020408163265306030e+02
1.428571428571428896e+02
1.836734693877551763e+02
2.244897959183672356e+02
2.653061224489795222e+02
3.061224489795918089e+02
3.469387755102040956e+02
3.877551020408163822e+02
4.285714285714284415e+02
4.693877551020407282e+02
5.102040816326530148e+02
5.510204081632653015e+02
5.918367346938775881e+02
6.326530612244896474e+02
6.734693877551019341e+02
7.142857142857142208e+02
7.551020408163265074e+02
7.959183673469387941e+02
8.367346938775510807e+02
8.775510204081631400e+02
9.183673469387754267e+02
9.591836734693877133e+02
1.000000000000000000e+03
